[
  {
    deviceName : 'Denon',commands :
      [
    {cmdName:'Off',cmdData:'ircmd288,760,300,1836,244,808,248,784,296,784,244,808,252,1856,248,808,244,812,248,808,244,1860,252,1856,256,1856,252,800,256,800,256,46084,300,724,312,1824,260,792,260,796,256,800,256,1852,260,796,256,1824,308,1800,312,1824,260,796,260,792,260,796,260,1824,304,1828,260,43976,296,724,304,1808,304,776,248,808,248,1860,252,1856,256,800,252,804,248,804,252,1856,256,1828,304,1828,260,796,256,800,252'},
    {cmdName:'On',cmdData:'ircmd300,724,308,1800,308,772,252,776,304,776,256,1856,252,800,256,800,252,800,256,2884,252,1880,260,1852,256,796,256,800,256,46060,328,720,304,1804,308,772,256,800,252,800,256,800,252,1856,256,1852,256,1828,308,1824,260,796,256,800,252,800,256,1852,256,1832,300,43952,332,720,304,1804,256,800,252,800,256,800,256,1852,256,800,252,800,256,800,252,804,252,1856,256,1852,256,1828,300,780,260,796,252'},
    {cmdName:'Vol Up',cmdData:'ircmd352,668,352,1780,260,756,304,760,260,780,260,784,256,1808,308,1788,264,1776,332,768,256,784,308,764,256,784,308,1792,304,1788,264,44728,304,728,308,1732,308,756,260,780,260,784,256,1840,260,780,256,784,260,780,308,1792,308,1788,260,1780,332,1768,304,760,256,784,256'},
    {cmdName:'Vol Down',cmdData:'ircmd308,716,308,1800,308,772,260,792,264,768,308,772,256,1852,264,792,260,792,260,1848,264,1824,304,1828,260,1824,308,772,260,772,304,45000,332,696,308,1824,264,792,264,792,256,796,260,1848,260,796,260,1848,264,1820,308,772,260,792,264,792,260,796,256,1852,264,1820,308,45000,332,692,312,1824,260,792,264,792,260,796,260,792,264,1844,264,792,260,772,304,1828,260,1824,308,1824,264,1844,264,792,260,796,260'},
    {cmdName:'Mute',cmdData:'ircmd328,744,264,1820,308,772,260,796,256,796,260,796,256,796,260,768,312,772,260,1848,260,1848,260,1824,308,1800,308,772,260,796,256,46080,308,704,324,1824,260,796,260,796,256,796,260,1824,308,1824,264,1844,264,1848,260,792,260,796,260,768,308,776,256,1848,264,1844,264,43944,332,740,264,1820,312,740,312,772,260,792,264,792,260,796,260,792,260,796,260,1848,260,1848,264,1844,264,1820,308,772,264,792,264'}
      ]
  },
  {
  deviceName : 'Ac',commands :
    [
  {cmdName:'Cold',cmdData:'ircmd8988,4396,704,1604,680,516,676,516,680,1604,680,516,680,516,680,516,676,516,680,1604,680,516,680,1580,704,516,680,488,704,516,680,516,680,516,680,516,676,516,680,516,680,516,680,516,676,1604,680,1604,680,516,680,516,680,516,676,516,680,516,680,1604,680,516,680,1604,680,516,676,520,676,1580,704,516,680,19796,704,516,680,1604,680,516,676,516,680,516,680,516,680,516,676,516,680,516,680,516,676,520,676,520,676,516,680,1604,680,516,680,516,680,512,680,516,680,516,680,516,676,496,700,516,680,516,680,516,680,512,680,516,680,516,680,516,676,516,680,1580,704,516,680,1604,680'},
  {cmdName:'Hot',cmdData:'ircmd8972,4420,680,544,652,548,652,1608,652,1636,652,520,652,524,676,1600,656,548,652,516,652,1636,656,1604,652,1632,656,516,652,548,652,548,652,552,652,548,652,516,652,548,656,512,656,548,652,1580,676,1612,676,520,652,544,656,548,652,516,656,544,656,1580,676,548,652,1580,676,552,652,512,656,1636,652,496,676,19828,652,1632,652,548,652,548,656,548,652,516,656,544,656,512,656,548,656,516,652,544,656,548,656,544,656,548,652,1580,680,544,656,516,652,548,652,516,656,548,652,548,656,512,656,548,652,516,652,548,656,512,656,544,656,548,656,544,656,548,652,1604,652,1636,656,516,652'},
  {cmdName:'Off',cmdData:'ircmd9112,4348,732,1584,708,460,708,472,780,452,732,492,708,496,708,492,760,472,708,496,708,468,784,472,732,472,704,496,760,476,756,476,708,460,708,496,756,452,784,472,732,468,764,472,760,1536,732,472,780,476,708,492,708,492,764,448,756,468,708,1560,784,472,708,1556,784,476,704,444,728,1584,704,496,708,19884,724,496,760,472,708,492,732,472,704,496,760,476,704,496,704,496,760,472,708,496,704,496,756,452,784,476,704,464,708,492,760,472,760,452,732,492,760,472,760,476,708,460,708,496,756,476,760,472,708,496,704,492,760,476,732,436,708,1556,732,1584,760,472,708,1580,760'}
    ]
  },
  {
  deviceName : 'TV',commands :
    [
  {cmdName:'On/Off',cmdData:'ircmd2400,600,1200,600,600,600,1200,600,600,600,1200,600,600,600,600,600,1200,600,600,600,600,600,600,600,600,25716,2400,600,1200,600,600,600,1200,600,600,600,1200,600,600,600,600,600,1200,600,600,600,600,600,600,600,600,25704,2400,600,1200,600,600,600,1200,600,600,600,1200,600,600,600,600,600,1200,600,600,600,600,600,600,600,600'}
    ]
  }
]